200000290
200000273
200000288
500001742
200000802
200001028
200001011
500002847
500002848
500002849
500003030
500003035
500003038
200000600
200001054
200000292
200000742
200001050
200001051
200001052
200001053
200001022
200001035
200001003
200001023
200001000
200000998
200001016
200001008
200001018
200000993
200001021
200001004
200000991
200000997
200001027
200001006
200001014
200000999
200000267
200000978
500002102
200000710
500002101
200001032
500002060
200000613
500001316
200000992
500002061
200001013
500002063
500003621
500003622
200000977
200001034
200000160
200000310
200000995
200000185
200001033
200000149
200000148
200000188
200000172
200002130
200000175
200000670
200000166
200000145
200000150
500001103
200000690
200001510
200001070 
200001310